7.015122808389393,-25.5377437207889,28.33522203415989,4.96545,7802.5654
21.958086521741684,-88.80511841724861,99.62461912980017,6.687498,4652.1
32.574625521749475,-119.25856742737636,137.47290979411514,6.774047,4862.025
38.521593952112276,-133.1322924426344,143.12584999205524,7.156606,10061.918
81.31418246137454,-267.0915110084563,299.7754833287792,7.258614,4733.2866
48.98471386912863,-192.6988014136899,204.85917616393337,7.378966,9245.207
35.5345866057699,-127.76495747062845,143.64971378340036,7.419606,7337.718
9.693521474011556,-37.2234848304103,42.475191097366164,7.561662,6128.9985
49.68610483038065,-187.33615001381278,207.4989774788043,7.820852,4880.5225
59.288264451716735,-237.18079301393198,256.62028671631873,7.8820915,4817.802
39.24005470664381,-157.64900753373766,171.27636206696033,7.9845166,10077.319
53.68881581294254,-207.6667221893465,214.40463477401624,8.0730095,9605.798
52.92500700186326,-218.51583126720945,227.6657140544849,8.120876,5002.8315
105.04684636069769,-380.7757744393022,403.4270918972604,8.172922,4811.543
17.501589868048363,-69.71612271525036,73.16363014244358,8.268123,6346.393
50.73646726029771,-212.04408629387896,221.2287427041729,8.273356,4642.1553
9.015866212685948,-34.82670304130457,38.83814118971631,8.343915,5694.086
21.024638170545902,-69.37184320722446,74.8641512753432,8.425786,6317.0728
24.469453993334458,-91.19280986121255,100.65005136768337,8.4604845,4931.0
8.990879102882856,-34.73033047155297,38.730129164082015,8.515834,5525.263
16.48188963438556,-65.36302875817074,73.9684805589404,8.560654,6045.884
49.28094460580202,-186.92496950640162,196.418011677127,8.672199,6680.703
34.28855350351171,-127.24800351215619,140.37461713360054,8.687165,6408.9204
15.098161601637429,-57.19996015625359,66.68692755608066,8.707934,6040.7085
105.05861478320936,-352.4555048043759,366.8440222631609,8.741548,4889.4873
50.275104885054276,-169.10563388689997,181.53942920290325,8.748794,8128.0703
30.237660599342945,-112.73811175526963,119.22502500121298,8.756222,7246.1597
19.407351263348662,-68.44707512401872,80.44315760342343,8.76369,6450.526
65.91826346252736,-223.71144155556743,245.1202934294941,8.777107,9332.661
45.412542478501884,-152.78767115755295,169.48702430108142,8.817121,6384.665
27.647941540526546,-87.58035174851099,94.81202696288017,8.820978,6158.007
117.40118312259676,-423.2459923400379,452.5412535810748,8.860188,5053.9497
44.15102409174183,-140.12755609689344,157.5000090919877,8.873456,6060.542
110.8088093309073,-414.58111770402746,475.6463782552858,8.927241,4326.3013
130.43831894711158,-437.0722681104439,507.79512090726575,8.959404,4932.83
74.27646117395263,-233.571484368867,251.6090711604555,8.960933,8093.6953
92.10808267196322,-289.8530075772299,328.03134226673177,8.962334,4971.92
89.15680412669948,-322.95244957796467,367.74420831567176,8.982634,4508.0933
28.34713936082505,-99.26202180598867,105.44615024632704,8.996155,6493.8447
106.70826669892739,-419.45815396876435,443.90898601829514,9.0074215,5131.5376
90.26977910424598,-339.940034704733,353.3528985151726,9.067021,4908.2217
97.31974256602783,-333.66071846879146,354.7234850894418,9.0886965,4579.7217
91.74492252968547,-366.91689506291505,400.86861855559465,9.111482,4786.9746
99.91575396772532,-397.4392270151304,441.786291033415,9.147392,4677.0083
17.472176244968207,-69.61753626430614,73.07877069720352,9.15286,5993.2354
92.71042039705512,-325.59492786862575,373.4963606863018,9.177299,4550.657
116.32373185398392,-365.6466100824777,398.93187004180305,9.190124,4738.6504
52.9633297148677,-179.50123987502025,206.40787255899852,9.192393,7859.0664
28.64580945317081,-88.05678009561865,96.98177258606722,9.201243,5921.5244
106.59112133113236,-379.235849092513,433.83015946668496,9.280368,4703.2915
97.29178295471444,-426.4383916897628,449.13267611101895,9.357278,4830.328
42.512937570130845,-139.07329986098372,148.53187319038406,9.444419,5987.398
47.75998541086003,-176.77653361385063,188.442289152963,9.444456,6251.322
80.12051184778772,-266.22615468040993,293.37255084661774,9.461511,6863.377
114.46986827841833,-418.6479303477663,458.09295456244706,9.477995,4566.085
117.17600415173567,-419.7983884621388,455.3335445281942,9.5040655,4879.0034
23.179743170815627,-102.4364927208527,110.37558616054174,9.506439,5649.5913
9.06832238834503,-35.3802698892105,39.66050523642535,9.50958,5053.6226
35.622296629391954,-133.58848600685366,142.9705482737718,9.511572,6186.7954
72.94307005774196,-249.96161065727748,272.5359857734798,9.529536,9527.514
40.043818462261,-132.83896037874095,149.71295429525864,9.546858,6627.691
101.80030183960967,-367.6634885107677,388.3605643543576,9.584631,9813.85
93.9888947079597,-303.5929004001156,345.30629974140805,9.630333,9541.751
48.466136383543805,-177.90134919776173,207.76158650345533,9.640247,7087.101
38.6953320722482,-143.9957909780408,162.2727521791895,9.67157,5132.642
37.827246628093306,-130.9643371048544,145.07993098440505,9.677143,6359.852
41.9146722462212,-137.8889605668155,149.854861759784,9.707118,6284.4443
31.527977488821424,-139.4808259957026,152.4029384736657,9.708123,6051.8945
28.11711763187441,-99.44322999872088,115.95220650913522,9.713109,6231.377
51.792076286713495,-216.22452722527456,233.82591520426482,9.739739,7414.342
37.031275203066706,-144.78032807438285,155.748606927775,9.74094,5878.5786
12.53228705521437,-44.20253497681085,48.64100772213251,9.764299,5252.1416
112.08260262520344,-433.4231991063631,461.834727960255,9.771046,4718.633
124.84826111767588,-455.44444351640294,470.71934862888827,9.78473,4590.185
48.12667494152716,-159.62267979776576,168.3460567588487,9.799292,6084.194
59.94344549190216,-257.1492017137699,271.3984537913583,9.821847,5909.064
88.57034280778434,-392.04140971224,417.85558692185276,9.833588,7368.591
103.62821124951259,-323.76229507369254,368.90013201946795,9.865381,7772.1997
115.46535542836293,-412.7551193950589,469.15840108796067,9.870083,5074.5396
43.824134022661084,-153.4230885303037,168.37145509962656,9.872962,6163.056
49.41433522794596,-170.23191445380286,193.51628440336103,9.899794,6374.8516
45.83092695634821,-173.54125198593334,179.18044046836104,9.900205,5976.676
73.83789351358921,-291.23949923318827,301.5805276831771,9.912421,9368.219
27.4448993954695,-116.10201728635117,123.54913319417196,9.923616,5684.3945
66.66365588229596,-218.28490800794495,233.5601543618462,9.931447,6600.136
36.955936965814054,-137.07072185199945,141.9539424729991,9.946167,5948.943
36.16696525440359,-151.93143861846744,163.03338631932115,9.996315,6478.0073
101.22759938925198,-449.7571373412107,472.9258755291371,10.00831,4828.356
43.79148485120796,-159.1374750762497,164.95588456272628,10.024191,6233.998
43.077175991381154,-150.51135546056304,172.42227777978073,10.029109,6466.9565
66.08232564416423,-235.68925574278293,271.0051155428631,10.04014,6495.1924
56.76993038732924,-186.74438532959383,205.4392905654012,10.059184,6376.3706
29.928297571907827,-107.61914498443502,112.79061801229996,10.060602,5711.518
49.403576134856706,-160.9601650598838,178.50848968197022,10.061414,6587.275
47.31633822568834,-175.28273203753014,205.5085681540582,10.067254,7011.507
69.44862988449394,-280.5889804307289,288.558964071008,10.073302,6358.749
36.68603884522296,-125.72299916288789,139.60439554222765,10.076684,5867.816
32.008916696094545,-107.04261274640534,118.00098395769486,10.095917,5675.657
86.73010555720633,-349.1994881024976,366.4554142573795,10.104789,7533.5986
17.231636238701594,-73.00382588977486,76.16355245360388,10.160369,5509.988
38.362020589113385,-138.7876376935767,144.06280604994788,10.175603,6522.61
43.842147398473024,-142.5825475373007,155.05240346473758,10.186452,6171.09
98.3742195975358,-329.6781491444965,342.1570623597501,10.197324,7460.5283
108.32402666159646,-452.93660618733736,485.6340788091716,10.204304,9958.824
82.95368824435444,-284.5299243567265,299.6560187281238,10.211399,6564.7227
47.049663476615066,-195.6863030662898,206.22662390115642,10.212714,5975.5996
53.499452892025026,-198.58664286610843,216.11986793291973,10.214357,6200.7095
51.03635199670593,-191.42546172553904,205.25008980074423,10.2249365,6580.6606
65.30574489995122,-246.67449159489962,255.75836635379898,10.251835,6522.123
23.71298822079819,-79.3033444877845,92.59544362722157,10.26281,5703.1333
89.75008911264682,-324.853432995684,373.6251089122648,10.269476,8109.547
78.35972453176517,-277.243164316044,314.32174325135003,10.278854,6556.029
88.53067971129958,-306.06486858614284,336.8701837064811,10.28362,5883.0273
92.21365821897379,-312.10349095961504,324.4754044514848,10.2971525,6476.5137
77.84496741296506,-288.68947212506737,325.76491489316567,10.322641,5026.071
57.472531080121904,-210.57938647158838,235.2146353483317,10.324444,6372.269
27.692657440124258,-96.36164781133638,110.28031445885519,10.330552,5738.3013
60.0450855376276,-188.85732702325532,206.68489010647866,10.331029,6162.22
43.91258360982517,-179.79343616095616,203.8522048363781,10.3315525,6194.2856
75.18809516926677,-258.7587563159007,296.4969424273757,10.338876,7397.3677
80.04680856244923,-273.4522102135291,309.95228496572383,10.345873,6761.8716
137.14301659235585,-430.4645190858726,484.0751247473798,10.347676,9254.296
75.36348054446367,-264.1750107967496,277.39912628923787,10.351368,6759.4927
49.84113921940513,-179.30608515262384,186.71274435009337,10.352856,6373.161
42.57919081759917,-166.6739923671757,182.93683663885082,10.376614,6372.92
37.388691499045464,-135.32977192034463,155.54698987027646,10.409083,6131.3574
65.96778976219457,-255.11983562227144,294.6264965470374,10.4106655,6452.665
49.28366497071695,-158.9671122421997,183.34909429887162,10.428352,6534.5234
77.09112891746014,-321.02306285225006,337.56070500015096,10.432672,6781.2803
70.43943724543655,-238.64601415256004,246.96852127206265,10.434191,7424.3003
48.32590424913679,-203.80642621500928,228.90028920407926,10.436095,6320.7085
75.2925678297057,-230.49529429597476,255.7044985533898,10.439297,6266.516
99.20872404012194,-385.52164303893755,399.5675970790317,10.444577,6355.709
109.27506300188709,-398.6778242404562,424.40655182812594,10.480179,7035.2466
110.22325012115185,-390.76013314695075,430.0898487213801,10.482062,9002.426
44.97919366058863,-173.28830423083858,181.59957392213025,10.490453,6421.9478
63.14995832794576,-248.1324105338748,287.0042517689324,10.491439,7089.296
30.848329027937933,-113.39527526765175,116.70241977176123,10.500841,5947.588
58.88605349698752,-221.17372046055647,233.4333201501714,10.503739,6459.2393
64.93772629476683,-222.99506435493305,254.04418163348518,10.509268,6473.684
119.44820513466901,-412.4795003168771,445.625038448576,10.516276,8897.839
85.1549919403403,-338.6792605278086,348.66035441892575,10.517314,7859.929
17.09284056013806,-71.81632582611562,75.75724407413185,10.521412,5632.784
48.599775401617684,-173.90073920528243,199.39954616042658,10.539173,5953.105
56.94275873121111,-186.7087464531426,215.6002918510209,10.571328,6186.1367
131.90272598159532,-449.7849098148442,480.4815405482287,10.579608,6441.887
54.80492990823192,-192.11194521870075,217.0540033965229,10.580838,6396.8145
96.33273822063771,-316.02301872327763,334.56784775953486,10.585872,4843.5576
89.0248948378341,-294.8777133266281,324.52384532334645,10.596503,4895.184
72.23294319017597,-282.5780990622918,300.74911384667433,10.599914,5171.938
96.46695298937476,-385.8229761209149,403.99355811426886,10.602921,7144.9453
23.437160716789425,-75.51802707795929,86.85503389651039,10.616646,5061.4966
42.83802567815394,-168.38469381735146,176.7483507890924,10.61818,6348.163
34.51488244989997,-120.71135007279923,130.5390156829687,10.620822,5908.1396
110.46615563308936,-415.9499002414094,464.98636518368977,10.622289,4872.0283
68.22512153240324,-219.06528170064695,251.0786478230609,10.625527,5030.4736
40.12025543002142,-152.02759523771672,161.02321923162702,10.633616,5644.327
89.37871616182342,-356.8037069459328,386.0191231879343,10.641935,6941.6714
24.142450695707566,-107.5934533742519,114.40844150499083,10.659444,5783.3994
61.92922131575933,-217.2456036633271,239.58161033513542,10.662859,6162.8765
53.47622818487031,-233.96791643208883,255.40420148610485,10.670532,6427.937
37.02096824883028,-123.33433789280313,140.8566435659131,10.673822,5683.948
22.990817860278778,-75.89411862951799,80.53436607731483,10.679367,5321.3027
35.5308961732491,-157.16784312514116,172.36451971961202,10.6903925,6155.181
59.81254855306804,-226.52524658858198,245.03862309777742,10.696572,5721.4316
59.455037968898154,-245.76438824092287,263.52810198747545,10.704591,6391.8403
72.44853206884125,-257.1014312842347,268.939336826743,10.709691,6908.2017
60.509593539374976,-186.91007891990898,212.49842688339416,10.714251,5123.532
104.63350641644526,-361.3618951108046,418.2815108354142,10.715561,6098.014
75.37686579871935,-238.0735130815522,258.6687187097358,10.720376,6547.066
37.74953849264493,-146.33184013486155,160.0851697577308,10.720383,5972.474
11.03702020230288,-38.19374640259085,40.443295486031886,10.727523,4485.961
71.67837666873619,-250.32444377847867,289.39333572418894,10.739755,6945.4756
33.36421713093197,-116.2953490291379,134.26922230461977,10.75061,5954.625
74.60040496009046,-318.281409210456,349.75662694973914,10.75208,5339.932
105.23072599817728,-460.9162743072526,503.1023151917441,10.760027,7600.768
50.54039000642724,-196.7617697809713,212.77576612066386,10.764237,6491.2715
48.769277951706,-179.66068233715072,189.09255069144808,10.7795105,6122.935
55.75383389115285,-194.27368509858087,217.6807775375814,10.783132,6294.181
38.92036631949347,-147.09400700687956,152.73545894974754,10.78719,6470.078
76.14696950200599,-235.36713159568134,267.8648604747496,10.804405,6759.793
80.03645117848946,-275.66494949355365,322.848300041583,10.807463,6139.4785
42.49155593224441,-167.8181527022808,177.233038635175,10.8123,6343.272
97.26487199608704,-327.50310050844604,354.29772604226133,10.815913,4667.323
88.50267943067996,-278.9299812780261,307.4341134894914,10.822448,6241.8164
99.70191170158107,-364.4006084098796,410.63571320313076,10.83206,4920.2974
58.6357727000726,-225.35815924350055,235.3589211018573,10.839101,5730.9565
105.01106642699025,-404.25436766614007,467.82688861282827,10.839629,7634.537
75.73108034241599,-320.958986124048,357.6723242926949,10.845117,7003.317
45.78201278924713,-147.04958985675609,162.1466399924315,10.847521,6047.497
97.69336293555992,-395.75737746088305,440.64397149728677,10.850177,6329.737
71.20257132486405,-293.4170272278941,334.59877967701567,10.861264,6882.843
49.968678492022555,-223.7476812494827,247.84930304971925,10.882025,6738.8623
75.90839305425642,-280.2622320332767,305.43367147077635,10.884215,5325.172
68.70544061229529,-280.425413539157,318.6258377518756,10.884345,6507.931
78.24764465655298,-295.35214691345993,318.60356221632185,10.884845,6944.2134
81.13956052326206,-262.15847178570857,303.9046336084817,10.886738,6373.5005
103.2540631649229,-372.6105641768652,386.4659997110625,10.896518,6222.455
35.36220311933412,-155.6815078329662,171.78006211435547,10.89768,6064.5195
60.863412495232765,-210.87109663714193,219.93092715030633,10.8995905,6301.2964
23.042788036106177,-77.41983803713116,85.41906744364367,10.916018,5529.0137
52.36746853423928,-176.52133229142078,196.62804078134036,10.916284,6050.7515
88.69057373449188,-280.5488947182007,317.3053513994751,10.93326,4785.8022
38.012336617734505,-138.83269883771553,161.9465976183919,10.936621,5550.094
36.29615106266346,-130.2887723045958,139.53269626679582,10.942431,5958.598
89.4542293914776,-380.0726517248109,398.89197960848037,10.944551,7375.7744
119.8094599808631,-449.02654574077076,478.9121004893943,10.950529,4960.5757
15.672869388272737,-58.03611002551927,61.58333358101291,10.951089,4916.479
33.622916752528646,-118.6605536132044,122.6283904183597,10.956192,5745.955
68.46757199979164,-283.31607157117406,304.23656457971686,10.973022,5255.2017
35.61243451807129,-151.41085756040982,164.5406756273834,10.974584,5986.317
57.623783898491936,-205.24185315679546,228.43741658338806,10.97477,6139.994
16.742630796858073,-65.44931322952311,67.3276439062041,10.974972,4710.1543
46.35617247388526,-161.46591160776748,183.09006410465375,10.980874,5974.3335
76.92344704676387,-296.5785446870179,328.9398744332274,10.982043,7004.882
85.22911256667462,-277.31006692434266,306.8234588551491,10.985251,6204.6523
86.97684347556107,-269.26486967335103,294.1135709723147,10.9865,6523.09
60.01523732684551,-213.88297421126165,225.48595206956696,10.999434,5728.7104
46.11001635237589,-193.05388341721786,215.9133097712244,11.023555,6089.3066
46.44235617400295,-170.79948021543638,183.42680142284047,11.026691,5645.9946
87.18903775876791,-379.7817820669263,411.7873005105791,11.0424185,7045.8984
74.21131429198515,-290.3085574845513,315.9814968057633,11.044434,6771.0986
47.5317106550608,-182.75850556587585,209.35268295799668,11.0451355,5950.4717
126.53838281678576,-426.36463575115414,466.2314866590595,11.046033,6227.1606
96.39366163475201,-355.05719686012816,363.4068593406547,11.058531,7638.096
49.95178675511736,-208.08870317799753,231.68140303198393,11.063179,6070.315
38.43024976958616,-123.83212665306519,137.5863542428718,11.067438,5785.9624
68.66152922694737,-302.62190396296825,332.53752154538927,11.070879,6161.202
61.19338868715885,-224.92053738168673,235.6261365864652,11.073367,6066.3906
52.95300972019509,-192.29602090087474,222.26442534578948,11.075784,5596.496
56.96425059425621,-213.19387176438775,233.253096502839,11.076751,5509.047
82.05393826369784,-312.5972831706603,332.91300126723604,11.0778675,6179.9385
103.57473477939939,-396.51011546891374,449.67165278294283,11.082476,6427.7607
57.8901357716972,-227.7369860479733,256.4886797451308,11.088923,5980.289
69.30711751974701,-218.54853199598313,250.2216581732548,11.09316,6035.1797
74.44114642533437,-248.82632617643523,265.185445376197,11.094495,5707.5903
25.966600440259697,-92.72671425837551,96.00276675166718,11.101451,5575.5576
64.32885007121365,-232.0545044298034,250.67582501479635,11.116117,6047.7896
43.20648363302098,-155.8824393804933,169.82768114521627,11.119642,5977.2534
44.92780227758552,-139.3900861986911,156.94937732311294,11.127744,5787.6333
73.36276480462037,-268.37643407075643,297.75808980993014,11.1297455,5695.2085
35.469073137409794,-129.88624646292988,148.81472631198116,11.134069,5690.6577
24.984268273807213,-110.83355620735041,119.7170721239643,11.134967,5780.6313
76.82878954587464,-291.80188620481715,338.0404777824265,11.136687,6941.839
32.22479134983158,-136.35189725182673,153.57587877384054,11.138918,5684.9844
64.23040679118331,-265.8554468497835,289.7039277298467,11.148022,5654.7793
67.48783539722616,-230.98970281567975,239.0444337643155,11.1546545,6062.6484
38.778345588580265,-122.68294060100229,136.24818832119956,11.15616,5765.4062
83.66716626345908,-276.2644586829258,298.80051857300293,11.158077,6736.8945
106.75893801653332,-388.29796215458066,413.9505319474056,11.166205,6253.498
42.75446927206284,-160.74221694190763,174.8027856978079,11.170675,5380.127
34.32012923820746,-142.35012195342904,157.84155689834108,11.171593,5821.8037
83.58094991837763,-276.0834503758839,306.18125874546496,11.179262,5745.8164
86.77450575600216,-296.70668310807736,316.3954503910717,11.181056,5784.0376
96.18517944921588,-299.5845083793848,331.4395559833885,11.187119,6089.631
12.985082403135571,-43.65010204640069,50.78778263166371,11.18729,4550.0303
45.73771041690909,-188.37802039202944,201.53174511692774,11.194101,5793.2695
92.40463098476062,-347.5420564789737,377.67669288594766,11.200574,7078.0493
53.30804128679722,-211.66143005035278,217.09923775911508,11.203789,6068.9956
67.61173198537243,-302.987317555409,328.2458063039723,11.204145,6885.866
80.0428401915493,-263.1866489951466,283.4699206175804,11.216306,6026.2603
49.82163429907196,-165.1174056895951,175.81334776857716,11.235344,5970.0713
31.85173891418255,-141.39760687272292,156.89304346727005,11.236883,5668.4487
61.152983426412916,-253.72763726345985,270.1080151126371,11.242138,5836.8735
115.8692864838358,-406.5621836578494,426.2447017891842,11.242489,6152.7417
115.6206108512461,-399.34029217345545,414.09621659505086,11.247528,6002.422
22.26080254315838,-74.28145224481582,84.70751722626852,11.250554,5026.024
40.939777075248294,-167.31338400623625,188.86749857498594,11.253102,5963.003
80.61597782092922,-286.2008260084792,331.2562060850837,11.254461,6460.754
53.60547918261993,-204.82672360280526,217.69654442111488,11.267387,5620.7095
97.48401054026898,-438.52826949600603,480.6105165510675,11.268388,6139.2056
19.419988995018453,-78.59882701255049,89.1175425724742,11.275198,5122.2046
118.01597005226121,-391.71281370825903,418.77428315697733,11.278066,5140.6504
61.93666311211556,-212.2444575356382,233.55661965449235,11.280555,6293.3794
48.10072017119569,-190.63174505645182,196.28394524025194,11.285558,6093.2993
46.295202239358844,-205.46359277029643,227.31818613478012,11.2872715,6228.925
80.67600825352882,-287.7170009481777,307.93181926080126,11.293228,6735.3413
83.69348532545199,-276.55516376883554,298.34021013125306,11.29532,6555.151
119.81671920718918,-426.3301787394322,442.43838484687086,11.298935,6224.129
54.696335704257685,-179.62607912696498,189.18030018211587,11.299524,5974.307
70.94556780238398,-284.97384578785466,301.47498716729496,11.299752,5961.723
118.68372875278708,-431.6410034062059,462.28318619675565,11.300624,7403.226
61.28850311564642,-248.84932966466113,275.85410662282607,11.303568,5939.124
128.2299348844184,-398.8843921402924,457.7809320052121,11.306031,6297.976
21.27594234761832,-72.38818613380231,76.24293872810296,11.307095,4964.12
39.07695729888909,-162.25431238873867,179.46707229284303,11.308883,6087.458
81.37707996119116,-293.8023951903805,329.4276587347095,11.309952,6414.834
30.077928393013153,-120.65331383795346,130.99937453198712,11.310932,5018.8057
56.76036314522766,-236.6951125430218,243.68011036950398,11.320118,5916.6016
52.478186530365384,-220.4524238469192,247.36344919910354,11.321456,6170.5986
58.7810744496782,-250.7109272156849,273.0320773203518,11.323017,5719.1294
80.89772792628241,-287.42010726513325,310.1908646566387,11.32831,6442.0537
88.17927325595343,-315.2603804906209,342.89062385368425,11.331507,6042.085
71.23916293497152,-257.35652922739155,288.469841534953,11.331807,6264.8306
102.65278370695766,-395.54703825247833,415.8121854307942,11.335634,5038.9287
98.56542064474613,-418.5055496556787,456.05969805592326,11.3411,6839.0195
86.9841560897853,-298.4299246648581,336.9954215785947,11.341293,4904.865
84.77461634998197,-308.7120895439072,335.3135492980025,11.346209,6839.917
116.78027581606683,-407.6646144129148,423.47464033073214,11.347404,6383.568
72.4888862280588,-290.25982763532005,331.21436669407836,11.347973,6288.7134
101.21977736713856,-320.7377468613216,356.96064623110647,11.35114,6962.261
82.65142207020206,-261.26031664581575,290.6060478940913,11.362723,6261.083
54.41522764757976,-233.23739744632667,252.92853980065303,11.363728,6249.092
54.97472259512394,-209.09160726268962,233.89142420939515,11.365164,6249.407
59.69125683786208,-217.69365702471242,234.24291269957905,11.368993,6125.638
61.122315286399946,-222.59533585324743,259.8834193818771,11.369791,5664.5913
40.868195961277415,-130.4708938170623,145.73887842716366,11.37735,5825.6787
44.009916799372135,-181.37393700603656,189.11813244605253,11.3777895,5998.9824
52.77101891705979,-192.57930564581753,206.73457024603906,11.380137,5571.971
80.18958621117461,-272.64038904306193,319.2502640510677,11.381502,5677.0938
37.953085073286914,-146.06791587877763,152.3758152830844,11.386344,5778.82
53.47318014807249,-169.8841614056854,191.7667023614229,11.387236,5430.224
112.27727247849322,-400.7128082239845,414.66042489272377,11.38923,4786.152
105.97086238434417,-379.91344417590386,442.65088806095014,11.389318,6168.702
43.061968452004855,-192.72241188862247,211.4309905400849,11.389467,6033.513
102.76325633914918,-397.5045783753278,462.94925779638766,11.394743,6256.6987
91.06870521987632,-313.7658409149851,359.275105284651,11.40147,6357.8306
38.75660261579161,-125.80189982607659,140.23489645965427,11.401606,5737.5894
101.45233137672182,-320.6754520783031,358.30130760461157,11.407513,5832.514
91.14466990028417,-355.5953187763378,411.45627440883254,11.407955,6707.9204
15.398350986507825,-61.66406853081875,65.03950311468591,11.409985,4546.6445
53.55845336901711,-195.0262291718538,207.43140550975923,11.410047,5996.658
41.467176389353554,-134.26269777488298,149.0818009584317,11.419596,5814.5054
68.92904570608025,-263.08688923906834,285.4534303245325,11.420364,5764.1406
116.43408996814637,-391.0662770857815,410.37091488358607,11.422279,6229.554
89.07033179169677,-378.9532358625986,398.8782892038387,11.427023,5001.2666
93.49046114993006,-364.97442700966775,410.4698214143018,11.434987,6111.0273
64.43161712840643,-237.3123635023732,254.89036951230293,11.434997,6019.33
53.497481968118706,-215.77283286472914,243.03267940562245,11.436455,6091.2188
110.13017027216422,-347.2780055572358,373.2643177110898,11.437253,6130.5635
31.697566717974468,-141.1073614875021,156.37620689353074,11.439409,5762.0396
48.03000002949215,-155.28847929507464,179.65500387718023,11.439773,5406.294
87.8649808674823,-329.15313572734493,358.31757129190305,11.439788,5932.3823
65.2083230231238,-199.29866791486114,223.8604221783565,11.443658,6089.6943
108.12281181018139,-421.9605009047468,442.45732441496966,11.446458,6171.849
64.46654450492846,-235.21544607473706,264.91930709846446,11.447396,6003.46
77.68961963555824,-245.52167009772702,269.90501866744347,11.448804,6365.8984
76.87417213845912,-281.9710309690655,316.5457380578681,11.451237,6474.7964
78.94814623516038,-243.69802264699206,264.11774016002727,11.456066,5540.5444
61.91965276522783,-229.4870056426173,240.34719731472208,11.456632,5938.2505
72.24378540210532,-235.89113445414657,259.56207744063323,11.460647,5780.6284
106.52313954945147,-419.25954409701956,448.24493278814606,11.465549,6335.3164
25.88760832588041,-104.20289004782079,114.97526459869935,11.466315,5501.8174
52.726629889636826,-222.17610715465153,231.06554080310696,11.470389,6066.99
102.10258929515034,-414.0854242593269,434.65049686284766,11.474656,5746.5103
57.510328194567194,-224.2227035126168,235.47899374012428,11.481996,5818.35
53.4004216039641,-181.23051785285492,208.5154322932691,11.483602,5649.551
109.31673826322876,-350.0815243576537,388.95365338486783,11.484991,6443.1216
18.963383127589942,-59.90290403000626,65.758087578444,11.490692,4573.7393
37.432318522910464,-121.824332563516,129.8283943262808,11.492241,5589.419
55.60996050556066,-199.63695172652717,207.2903358031931,11.492294,5764.1626
75.46392866549415,-250.1977923384534,271.7319011727498,11.495688,5828.225
56.69682929168884,-225.04105765922208,239.85331407448885,11.503118,5713.71
135.37629274453258,-454.05487885866006,490.1466929900822,11.507782,6124.0005
112.9505915373548,-404.03965240926925,443.93607392754905,11.512722,6864.123
103.80647881421386,-395.8789711066558,455.356221680743,11.518804,6651.4087
55.956463558537436,-241.7631872939188,262.0481178776737,11.519047,6115.7393
92.42021467825735,-402.20730860805463,435.90692416815773,11.519726,4815.565
41.5032961600133,-139.38385035341486,160.60904604477878,11.520277,5609.674
95.21746953390242,-332.6395085777938,380.70126308885585,11.521226,6173.7534
26.00686484910268,-102.00429908726956,106.06278736089172,11.522251,6002.8765
107.38720665656825,-384.7469031699772,422.71382812078764,11.523147,6255.4624
73.91565901164773,-321.4044479374384,349.5203316518895,11.537265,6384.9595
56.23726766172482,-226.76066011269276,235.73126151937208,11.538339,5952.409
141.51285954146562,-456.3718421647245,487.6662987870691,11.541703,7491.3955
62.458614190799366,-263.3216065695742,299.5667543087921,11.546552,6650.7773
63.181893614345164,-255.49062400094442,293.0946117677004,11.553449,6071.1484
51.071869232439425,-159.2581827584091,173.21092263668493,11.55416,5910.8584
80.59217051734342,-297.73989382815734,341.8760867021927,11.564444,6097.191
30.899824943416217,-118.67036663791757,130.41362257975078,11.565836,5326.7095
38.767497179667046,-138.21229843097615,149.24070659972227,11.56596,5460.072
39.130984027155165,-135.81520588424112,145.04947467947406,11.568733,5388.64
116.83165868471882,-374.2826000023797,414.2727005452629,11.570604,6479.7676
84.75005781153303,-306.3924786845936,340.7377401551854,11.572786,5751.143
77.40246916074008,-295.7494553996536,318.2120082267507,11.573674,6532.3105
64.28524920420091,-262.23846890646934,299.9897923356362,11.57564,6324.2173
51.82479318127114,-171.52635618978073,186.15374624618667,11.579344,5553.16
117.51320026281262,-403.04203741523725,449.63559585404437,11.581976,6475.5503
100.1923387639203,-320.74445316342565,345.4312816609487,11.584065,6201.523
109.39486583297366,-450.49815462788575,513.9291116442093,11.5852375,6479.6646
58.16928150058619,-263.2025661286831,280.3894806243668,11.587937,5862.8154
67.25672654364267,-259.5431225489177,299.1715440349782,11.592549,5008.259
41.2310610876338,-165.43590583614224,175.2998984250656,11.593198,5768.325
135.0174500111366,-414.3697084093108,461.52390841050754,11.600633,6509.65
53.20145428344418,-208.29906996194725,228.55114777842962,11.605859,6062.971
74.15698428925633,-229.96961340469156,257.3191711552246,11.606654,6176.584
41.75044203634973,-175.82755214979716,191.7340212810623,11.606951,5911.2314
29.020299042929977,-117.43292863014422,124.56624211554353,11.611035,5501.2676
79.93881010608891,-321.66019141455484,363.07971653634144,11.612559,6377.872
87.53439701567494,-316.3112135723709,334.2032391240299,11.618889,5982.923
62.73042766106858,-207.82120579181708,225.66353251656787,11.619756,6011.4575
116.46737740905202,-439.543711277723,488.4010198333295,11.623496,5067.3516
116.72999063800425,-366.8936119595546,423.1488443083492,11.631635,6851.2397
76.67477016942217,-270.66597500561863,309.3152289986801,11.638925,5677.8545
73.68369682577361,-269.13585560736595,308.26208884025397,11.639392,5846.353
7.368278689632753,-28.097432744598667,31.12617262530933,11.64255,3451.014
78.519033107122,-243.3967546781263,273.4423518293702,11.645031,5674.788
38.02562375486883,-153.638179534676,169.69093200489507,11.6504,5597.1016
33.39880583112853,-138.944864608647,153.33839053647907,11.6529045,5697.494
135.0770254502923,-439.9866409523425,469.43565380265403,11.658052,6696.4336
114.49569198881399,-451.4854476579814,467.17652336957474,11.6583,5895.3613
55.884340009962244,-219.16560464512798,230.31094423842606,11.658792,5960.836
65.09979185638183,-233.65078795370349,243.64878370335597,11.661677,6016.971
105.80966170089206,-366.413381328489,418.513609828344,11.662754,5822.721
98.35250150238407,-363.89446915382604,416.5959143763785,11.664798,5961.0063
47.33023754276769,-173.4540631928064,181.14122406366394,11.665179,5826.6636
75.91670683999826,-307.5171835804971,350.3034301861477,11.665192,6417.662
48.71316510023254,-183.60884850814222,205.62601494543054,11.665788,5904.2065
73.24270929263834,-289.1129400707129,298.0796551909849,11.672717,5934.1836
91.66942314042107,-332.0620619346288,353.1908331267449,11.673506,5812.5938
105.59556323503352,-440.85606638478845,454.15711316085793,11.675899,6334.711
94.4429597561257,-415.9771751986963,464.1939635961977,11.676607,6661.963
108.03138117128617,-414.92632499186317,451.02504699591327,11.676669,6005.9355
54.84146194439937,-202.89949496842917,226.3115649809216,11.677928,5665.095
37.04038362510977,-153.51173931657814,160.39149472527595,11.685778,5351.1714
96.27185737232796,-351.2904480903971,395.6234419985281,11.695803,4923.7773
124.72135666795334,-408.6801924236448,465.81768381051967,11.699867,6645.6895
28.25987264913218,-96.89421333516555,101.35045781531622,11.701335,4712.583
96.56019513601511,-304.28655862264503,342.57315782447597,11.702931,6413.76
16.620849014026863,-62.451282792181836,70.07494418296858,11.703589,4612.11
63.84189876651808,-283.500868090855,316.4280239015103,11.703591,6067.8296
104.47818636576787,-436.754005680701,450.3963671251892,11.709132,6475.6533
120.25377390947834,-428.31107715587683,465.3717235222179,11.712638,5084.3384
67.22267630405251,-230.1656987515204,250.4978554801264,11.71406,5569.1855
34.80003241236448,-150.65345975854356,158.2911242424051,11.716793,5633.5356
105.54482849586655,-431.9093803811142,467.46094596882324,11.717251,6148.7573
40.29858500548868,-142.85864853476596,155.23624777719934,11.721778,5691.448
83.03966175363671,-319.26503976825535,360.2886466876364,11.724458,6079.6064
108.24953165965907,-358.26267167251507,407.87461800340037,11.725384,5650.227
103.30820979960815,-391.6562149047619,426.86773737290895,11.730943,6444.0024
69.61465077960338,-289.63733242098806,308.2996761000629,11.739438,5665.064
62.71456069476269,-224.40300804547502,251.8067680473828,11.74474,5972.976
40.36000513530104,-159.04705694485165,162.4558491511931,11.746549,5550.1978
56.95994237349017,-196.623564181397,212.94711083248723,11.748067,5624.8057
36.64911393709788,-120.65285882018854,126.5406530301305,11.751706,5365.612
105.58100182158988,-435.438420798605,488.12305327811436,11.753368,6217.616
102.92416296502039,-336.77017717949155,389.88026716214796,11.75645,6004.742
127.59151459210835,-419.8215929235764,464.39586744342023,11.758435,6122.3667
99.933716103809,-325.81545420954046,343.42285529455773,11.761916,5918.047
100.9627548614458,-385.6860311828701,436.2701661981833,11.76484,6917.013
102.45168875930824,-410.446314111131,428.8618795799547,11.764903,6527.4995
50.4678140326753,-177.44727434751186,197.99479037254403,11.76682,5549.29
76.38913049625587,-273.08574357620085,296.2803141916456,11.76734,5675.143
136.27421176747265,-430.44989057912795,471.8614051500176,11.771021,6060.875
38.81719693050791,-142.17639951614998,167.01783806534672,11.774339,5693.5264
113.17401381022543,-392.10948087218316,404.92041345488053,11.783078,6000.6426
92.06123590802962,-334.4998714663058,349.8665278924475,11.784888,6060.6685
102.60029921562533,-335.4641340317542,352.52330734384697,11.786748,6114.7085
100.93454925028306,-397.6589016609015,435.68940651064906,11.794525,6380.208
57.822230623751324,-216.01255855545307,248.2329746537503,11.796416,5562.0327
49.32541843376587,-209.08096517899548,219.23909943581614,11.802966,5951.9746
88.22889595453951,-295.27313993143764,319.7514376467627,11.810899,6060.8247
126.95742930743448,-440.7424168219762,457.71253202290944,11.81188,6226.0874
103.31705963434412,-334.7685965957348,390.25276223735574,11.816298,6410.7676
90.2196129816253,-326.0635916056955,363.7355262680316,11.817121,6185.5864
117.19591171074111,-421.6089779277862,484.7914417279315,11.817228,7066.0527
94.3518221032175,-396.2196560123404,409.4192512115623,11.817411,6139.421
85.02764941477135,-334.63105253476755,355.64966538282437,11.819047,6453.6284
98.33980147896332,-353.4302508985721,407.89425387760986,11.821977,6605.987
54.83502637268677,-248.338118848536,266.0988109027753,11.828617,6272.023
71.77133056959995,-226.48820947339692,256.4029390454303,11.828922,5791.0405
50.67506547148846,-208.3911680160378,228.67809515780553,11.829229,5930.389
54.81786184890884,-206.2611951742983,219.49663825691846,11.83217,5749.574
97.26055365208403,-388.35657257037,425.71037153825296,11.833184,6171.3066
72.80205057234893,-305.45760319729794,342.82130340168004,11.834784,5899.583
69.0404748965378,-252.59291343154683,271.79446572848116,11.837648,5724.872
73.08974746911281,-290.29957690825705,325.7430893988388,11.839425,5721.494
66.01914539436144,-250.89082917311154,291.6414443403364,11.857385,5661.5073
123.47610956388827,-465.14293963907056,492.6618428859545,11.858433,5891.44
84.49197101362786,-345.0890533746828,381.8667151528662,11.86596,6064.2295
79.1778479202295,-324.1187727888833,359.8280783089933,11.880125,6025.5093
115.4857337607549,-371.1678521826176,400.34701087430034,11.882939,6536.5938
100.17344062484025,-351.3717438077829,395.517964242452,11.890705,5002.9937
131.13798139865767,-416.88458655796137,468.6578546582496,11.891096,6523.473
88.19576224577742,-343.80078022891433,395.4353088695498,11.894088,5911.3027
116.0569048573324,-400.8231059157933,444.3612467213235,11.902499,6535.657
116.69376175467592,-366.9735528326689,394.62563282808884,11.904385,6609.5493
113.44558560702264,-421.05062848532464,456.11387238065043,11.908331,6498.017
73.93046299075945,-273.96892694181037,297.6119884990792,11.908964,6068.952
72.66729240266949,-320.6367795928573,335.9703015384051,11.909858,5904.0254
119.56484260414432,-462.05019013850676,502.06268217483733,11.915376,4995.23
64.18009406988257,-248.03429756562005,273.45434514309227,11.917496,5727.311
40.79560111947391,-174.61665271918804,197.21439237143747,11.925503,5565.5146
77.24437861579618,-294.8119154287674,306.2307730541862,11.929064,5384.385
39.053000375648764,-173.08966128949228,182.71398264224797,11.931287,5723.709
55.247478787969605,-173.10039678200087,185.54736518346687,11.9320135,5493.768
67.6339027151949,-277.05993533676207,301.692908430523,11.933787,6088.8687
60.71672243042437,-267.28420464435726,298.88329620895985,11.934039,5749.341
82.58960714830131,-314.31417946081143,350.6529501257125,11.934519,6162.129
49.50216836066325,-191.71080478468002,197.630740595937,11.935535,5771.474
50.00196302573596,-163.88512258883978,181.76873319997034,11.936197,5710.3325
83.6764253835112,-295.4784470946037,342.6372312770049,11.938664,5782.247
42.46061456596875,-184.87520364187296,196.88056152890672,11.94812,5982.2495
111.92897832737948,-450.04168550046205,512.182587359729,11.949987,5922.0347
126.046118017435,-469.02254839347734,484.1498044122318,11.951862,6425.524
118.26295818981043,-374.96941594869617,421.4939090649754,11.953785,6359.552
58.38100356168655,-210.55117022779257,222.5897025661526,11.955496,5684.2417
58.49774299145321,-245.16773062680267,274.90705078412105,11.957793,6018.187
86.9530993450109,-347.9718691239702,357.53058850943887,11.961972,5721.265
62.68633354620372,-259.7471567005076,294.25836266371124,11.964471,6101.882
